# SAXS profile: number of points = 501, q_min = 0, q_max = 0.5, delta_q = 0.001
#    q    intensity    error
0.00000000 2007043.50000000 421.47912598
0.00100000 2006932.25000000 662.28765869
0.00200000 2006600.00000000 993.26702881
0.00300000 2006042.25000000 1444.35046387
0.00400000 2005269.75000000 1804.74279785
0.00500000 2004272.37500000 2164.61425781
0.00600000 2003052.00000000 2103.20458984
0.00700000 2001612.75000000 2401.93530273
0.00800000 1999947.87500000 3239.91577148
0.00900000 1998069.12500000 3896.23510742
0.01000000 1995965.12500000 3952.01123047
0.01100000 1993649.37500000 3947.42602539
0.01200000 1991109.50000000 5823.99511719
0.01300000 1988353.12500000 6263.31250000
0.01400000 1985380.50000000 5807.23828125
0.01500000 1982191.50000000 6660.16357422
0.01600000 1978790.00000000 5550.50634766
0.01700000 1975173.75000000 5866.26611328
0.01800000 1971343.75000000 6741.99609375
0.01900000 1967304.87500000 5901.91503906
0.02000000 1963053.62500000 11130.51464844
0.02100000 1958593.00000000 9048.70019531
0.02200000 1953922.25000000 6741.03222656
0.02300000 1949048.50000000 9121.54785156
0.02400000 1943967.37500000 9476.84082031
0.02500000 1938687.25000000 10585.23242188
0.02600000 1933201.75000000 10961.25390625
0.02700000 1927514.12500000 10524.22753906
0.02800000 1921634.37500000 9195.02050781
0.02900000 1915546.87500000 10343.95312500
0.03000000 1909268.12500000 9765.90722656
0.03100000 1902798.25000000 12786.80468750
0.03200000 1896135.37500000 10324.45800781
0.03300000 1889282.00000000 10598.87207031
0.03400000 1882238.62500000 9881.75292969
0.03500000 1875014.50000000 10125.07812500
0.03600000 1867604.75000000 11401.72753906
0.03700000 1860012.50000000 11662.27832031
0.03800000 1852247.00000000 13002.77441406
0.03900000 1844297.50000000 13278.94238281
0.04000000 1836173.87500000 18067.95312500
0.04100000 1827880.50000000 13818.77734375
0.04200000 1819412.87500000 11735.21386719
0.04300000 1810778.25000000 11951.13671875
0.04400000 1801977.00000000 14596.01464844
0.04500000 1793018.50000000 16083.37695312
0.04600000 1783892.75000000 18864.66796875
0.04700000 1774614.62500000 16610.39453125
0.04800000 1765175.37500000 15568.84667969
0.04900000 1755589.87500000 13166.92480469
0.05000000 1745851.75000000 20033.64843750
0.05100000 1735965.87500000 24372.96289062
0.05200000 1725938.75000000 13721.21289062
0.05300000 1715762.25000000 13897.67480469
0.05400000 1705452.75000000 15476.98437500
0.05500000 1695006.50000000 19933.27734375
0.05600000 1684427.00000000 15842.03613281
0.05700000 1673715.50000000 17473.59179688
0.05800000 1662879.87500000 22074.73046875
0.05900000 1651912.75000000 17840.65820312
0.06000000 1640830.75000000 18016.32226562
0.06100000 1629630.62500000 22733.34960938
0.06200000 1618309.12500000 24468.83593750
0.06300000 1606880.50000000 15426.05273438
0.06400000 1595339.62500000 15554.56250000
0.06500001 1583690.50000000 20382.09765625
0.06600000 1571943.00000000 17377.83007812
0.06700000 1560087.12500000 19095.46679688
0.06800000 1548137.50000000 20830.19140625
0.06900001 1536097.37500000 29032.24218750
0.07000000 1523967.50000000 17853.27929688
0.07100000 1511744.37500000 17959.52343750
0.07200000 1499437.75000000 16418.84375000
0.07300001 1487048.62500000 21458.11328125
0.07400000 1474585.62500000 26542.54101562
0.07500000 1462042.50000000 26667.65625000
0.07600001 1449428.25000000 21763.16601562
0.07700001 1436749.75000000 28576.95507812
0.07800000 1424001.62500000 18561.86132812
0.07900000 1411191.87500000 18627.73437500
0.08000001 1398324.00000000 18688.60156250
0.08100000 1385399.75000000 25560.62500000
0.08200000 1372418.25000000 20503.92968750
0.08300000 1359389.87500000 32543.79492188
0.08400001 1346316.25000000 20598.64062500
0.08500000 1333200.12500000 17198.28125000
0.08600000 1320041.25000000 24117.15429688
0.08700000 1306846.75000000 18975.41601562
0.08800001 1293615.87500000 17269.77343750
0.08900000 1280357.50000000 20741.79101562
0.09000000 1267069.12500000 25943.24218750
0.09100001 1253756.75000000 17301.84375000
0.09200001 1240422.12500000 20764.66796875
0.09300000 1227071.12500000 20762.04296875
0.09400000 1213699.00000000 20754.25390625
0.09500001 1200316.62500000 25926.83984375
0.09600000 1186930.25000000 24177.76953125
0.09700000 1173530.50000000 22426.16796875
0.09800000 1160136.00000000 17228.01953125
0.09900001 1146733.12500000 27521.59765625
0.10000000 1133339.25000000 18887.09960938
0.10100000 1119942.37500000 25702.67773438
0.10200001 1106558.50000000 30773.39257812
0.10300001 1093186.37500000 23875.19140625
0.10400000 1079822.37500000 18707.92382812
0.10500000 1066485.12500000 20348.53710938
0.10600001 1053160.25000000 27045.15625000
0.10700001 1039859.06250000 26953.14843750
0.10800000 1026582.12500000 20141.54101562
0.10900000 1013335.81250000 21736.05468750
0.11000001 1000118.56250000 21647.56835938
0.11100001 986930.56250000 16580.43554688
0.11200000 973782.25000000 19806.73242188
0.11300001 960669.00000000 18070.18554688
0.11400001 947598.93750000 21249.90820312
0.11500000 934573.00000000 17887.72851562
0.11600000 921590.31250000 19408.69335938
0.11700001 908656.75000000 17691.54687500
0.11800001 895772.37500000 17588.49218750
0.11900000 882941.00000000 17482.23242188
0.12000000 870162.37500000 18952.13671875
0.12100001 857443.87500000 17260.34570312
0.12200001 844785.75000000 21820.81835938
0.12300000 832188.31250000 24765.92578125
0.12400001 819652.81250000 19979.03906250
0.12500000 807183.06250000 19832.48828125
0.12600000 794783.50000000 21196.87695312
0.12700000 782454.37500000 16525.43750000
0.12800001 770195.18750000 17883.93359375
0.12900001 758012.68750000 14781.24804688
0.13000001 745904.25000000 19054.12500000
0.13100001 733870.56250000 15983.70214844
0.13200000 721919.06250000 18722.97070312
0.13300000 710051.68750000 18553.65039062
0.13400000 698261.31250000 14139.79199219
0.13500001 686561.06250000 21008.76953125
0.13600001 674942.06250000 20805.08984375
0.13700001 663414.75000000 16479.22265625
0.13800001 651973.87500000 13593.65625000
0.13900001 640625.68750000 25560.96679688
0.14000000 629369.87500000 15973.40722656
0.14100000 618207.06250000 15801.37304688
0.14200000 607139.50000000 20837.02734375
0.14300001 596169.43750000 15452.71289062
0.14400001 585294.68750000 14003.17578125
0.14500001 574522.43750000 13840.24609375
0.14600001 563847.18750000 19892.53125000
0.14700000 553277.12500000 13511.02734375
0.14800000 542804.50000000 19410.68945312
0.14900000 532438.93750000 15573.83886719
0.15000001 522174.25000000 14192.69628906
0.15100001 512016.09375000 15176.15820312
0.15200001 501967.37500000 13824.18261719
0.15300001 492021.84375000 17048.55859375
0.15400001 482185.75000000 17937.31250000
0.15500000 472458.81250000 12161.08984375
0.15600000 462839.28125000 13079.83789062
0.15700001 453332.25000000 15041.56445312
0.15800001 443932.93750000 10587.80078125
0.15900001 434649.03125000 11474.73535156
0.16000001 425473.28125000 12330.21679688
0.16100001 416412.68750000 13154.47753906
0.16200000 407463.50000000 12951.22753906
0.16300000 398628.50000000 10786.88769531
0.16400000 389906.59375000 9650.18847656
0.16500001 381298.62500000 13292.07031250
0.16600001 372805.09375000 9338.76855469
0.16700001 364426.15625000 19285.43359375
0.16800001 356160.68750000 13543.01074219
0.16900001 348013.25000000 11536.64062500
0.17000000 339979.65625000 10464.57421875
0.17100000 332059.62500000 11137.28027344
0.17200001 324256.28125000 10938.78613281
0.17300001 316568.25000000 12393.64746094
0.17400001 308995.71875000 8111.13818359
0.17500001 301537.87500000 10348.78027344
0.17600001 294194.84375000 10154.13574219
0.17700000 286968.00000000 9194.45507812
0.17800000 279854.34375000 8265.49804688
0.17900001 272855.31250000 10313.93066406
0.18000001 265971.96875000 7943.25292969
0.18100001 259203.76562500 10614.39453125
0.18200001 252545.93750000 6932.38623047
0.18300001 246003.95312500 8826.62207031
0.18400002 239575.26562500 11301.96386719
0.18500000 233259.73437500 10412.71484375
0.18600000 227054.67187500 7005.77197266
0.18700001 220961.81250000 8100.46044922
0.18800001 214979.82812500 6094.67822266
0.18900001 209111.62500000 6555.64990234
0.19000001 203349.75000000 6991.16503906
0.19100001 197700.57812500 8540.66601562
0.19200000 192157.67187500 8344.44726562
0.19300000 186725.15625000 5977.07226562
0.19400001 181400.06250000 5305.95214844
0.19500001 176182.18750000 5179.75634766
0.19600001 171069.78125000 6571.64599609
0.19700001 166063.56250000 5425.29687500
0.19800001 161162.28125000 4810.69433594
0.19900002 156365.37500000 5629.15380859
0.20000000 151670.15625000 5030.14062500
0.20100001 147078.64062500 4902.13134766
0.20200001 142587.84375000 5210.16015625
0.20300001 138199.42187500 5074.68310547
0.20400001 133908.79687500 4529.46533203
0.20500001 129718.01562500 4008.28686523
0.20600002 125624.36718750 5850.95556641
0.20700002 121628.17968750 6451.15917969
0.20800000 117727.78906250 4797.99609375
0.20900001 113924.43750000 3588.61987305
0.21000001 110212.62500000 4883.52148438
0.21100001 106594.85937500 3728.68847656
0.21200001 103068.47656250 3951.64550781
0.21300001 99632.96093750  4477.50537109
0.21400002 96287.89843750  4036.87036133
0.21500000 93032.53125000  3315.67944336
0.21600001 89863.07031250  4095.06030273
0.21700001 86781.54687500  3689.08374023
0.21800001 83784.56250000  3302.78759766
0.21900001 80871.50000000  2935.63549805
0.22000001 78042.49218750  2587.10888672
0.22100002 75296.66406250  3008.85498047
0.22200002 72631.32031250  2915.42138672
0.22300000 70045.40625000  2353.52563477
0.22400001 67537.11718750  3191.12890625
0.22500001 65109.32812500  2648.64746094
0.22600001 62755.24609375  2564.17944336
0.22700001 60477.61328125  2482.00146484
0.22800002 58274.01171875  2201.88378906
0.22900002 56142.50000000  2130.60815430
0.23000000 54083.03515625  2436.17041016
0.23100001 52095.06640625  2356.78076172
0.23200001 50174.87109375  1928.97302246
0.23300001 48323.46875000  2713.84619141
0.23400001 46540.08593750  1804.59191895
0.23500001 44819.61718750  1586.61450195
0.23600002 43165.72265625  1841.44982910
0.23700002 41574.92187500  2523.18212891
0.23800001 40045.89453125  2009.90344238
0.23900001 38577.35156250  2083.17700195
0.24000001 37169.05468750  1478.02746582
0.24100001 35820.11328125  1560.32421875
0.24200001 34528.49218750  1510.27636719
0.24300002 33292.20312500  1705.89257812
0.24400002 32111.21484375  1770.13085938
0.24500000 30984.36718750  1257.65551758
0.24600001 29909.84765625  1329.79187012
0.24700001 28887.28320312  1182.06762695
0.24800001 27915.19140625  1146.89562988
0.24900001 26991.32617188  1214.60974121
0.25000000 26115.99218750  1081.59387207
0.25100002 25287.48046875  1529.38696289
0.25200000 24505.72265625  1115.99060059
0.25300002 23768.59765625  1358.37548828
0.25400001 23074.51367188  970.86016846
0.25500003 22422.40625000  947.12255859
0.25600001 21812.91796875  1261.33203125
0.25700000 21242.47460938  986.50048828
0.25800002 20712.01367188  1046.06030273
0.25900000 20219.64453125  867.42279053
0.26000002 19764.66406250  928.54400635
0.26100001 19344.46679688  760.23754883
0.26200002 18960.53125000  897.59161377
0.26300001 18609.39453125  810.62524414
0.26400000 18291.73632812  872.51580811
0.26500002 18006.16210938  1149.51342773
0.26600000 17751.19531250  710.93536377
0.26700002 17526.80273438  704.57751465
0.26800001 17331.22851562  699.31506348
0.26900002 17163.08398438  695.10498047
0.27000001 17022.58398438  830.36169434
0.27100003 16907.70312500  827.80120850
0.27200001 16819.85937500  1033.15991211
0.27300000 16754.28125000  688.60095215
0.27400002 16711.30078125  965.07769775
0.27500001 16693.07812500  691.09344482
0.27600002 16694.65039062  971.12786865
0.27700001 16718.34375000  697.15496826
0.27800003 16761.35937500  771.60925293
0.27900001 16823.69726562  847.91436768
0.28000000 16904.14062500  855.01141357
0.28100002 17001.51757812  862.99707031
0.28200001 17116.80078125  944.59069824
0.28300002 17247.42187500  1102.11035156
0.28400001 17393.19531250  966.62683105
0.28500003 17553.49609375  903.65405273
0.28600001 17726.92578125  839.45861816
0.28700000 17913.46679688  773.86175537
0.28800002 18112.32031250  863.68603516
0.28900000 18323.22460938  1275.29650879
0.29000002 18544.30273438  890.40478516
0.29100001 18776.29296875  822.40167236
0.29200003 19017.39257812  919.39593506
0.29300001 19267.61523438  1104.61242676
0.29400000 19525.73046875  864.01354980
0.29500002 19792.22656250  1054.52990723
0.29600000 20065.13281250  1162.07214355
0.29700002 20344.37695312  909.39373779
0.29800001 20630.42187500  1017.80187988
0.29900002 20921.58593750  941.47143555
0.30000001 21217.32031250  1053.75830078
0.30100003 21517.81835938  1267.18444824
0.30200002 21821.40820312  1289.31799316
0.30300000 22128.89062500  1715.43164062
0.30400002 22439.50390625  1539.91101074
0.30500001 22751.54882812  1148.72570801
0.30600002 23065.97070312  1380.84448242
0.30700001 23382.35742188  1080.26489258
0.30800003 23699.02343750  1427.98474121
0.30900002 24017.07617188  1228.47351074
0.31000000 24335.00585938  2043.41040039
0.31100002 24652.32421875  1499.84753418
0.31200001 24969.67968750  1172.32653809
0.31300002 25285.93945312  1190.96789551
0.31400001 25601.65820312  1451.61401367
0.31500003 25914.72851562  1351.19409180
0.31600001 26226.19531250  1247.05566406
0.31700000 26535.91406250  1392.33947754
0.31800002 26842.54296875  1284.41577148
0.31900001 27147.01562500  1433.36242676
0.32000002 27448.10156250  1982.43933105
0.32100001 27745.53710938  2278.18603516
0.32200003 28040.21093750  2037.82250977
0.32300001 28329.71289062  2478.28344727
0.32400000 28615.76367188  1395.01843262
0.32500002 28897.50976562  1695.70593262
0.32600001 29174.63671875  1431.01599121
0.32700002 29447.05273438  2318.07226562
0.32800001 29715.07617188  1613.08300781
0.32900003 29977.27148438  1632.26257324
0.33000001 30234.87109375  1951.50988770
0.33100003 30485.80468750  2125.47045898
0.33200002 30732.75781250  2149.14184570
0.33300000 30973.17578125  1862.10729980
0.33400002 31207.78906250  2038.64892578
0.33500001 31436.21484375  2059.70092773
0.33600003 31658.87500000  2080.46313477
0.33700001 31875.03710938  1616.06445312
0.33800003 32085.20898438  2284.14624023
0.33900002 32288.66406250  1811.39416504
0.34000000 32485.43164062  2326.28173828
0.34100002 32675.81835938  2179.15039062
0.34200001 32860.62890625  2366.95117188
0.34300002 33037.37500000  1704.72863770
0.34400001 33208.53125000  1890.39575195
0.34500003 33372.54296875  1732.03515625
0.34600002 33530.21484375  2443.34692383
0.34700000 33680.07812500  2637.15014648
0.34800002 33823.58593750  2301.86425781
0.34900001 33960.44140625  1782.92321777
0.35000002 34090.44140625  1974.34802246
0.35100001 34213.96875000  1806.49755859
0.35200003 34329.49609375  2544.84570312
0.35300002 34438.91015625  2011.57678223
0.35400000 34541.04687500  2023.24182129
0.35500002 34637.16406250  2034.58715820
0.35600001 34725.89453125  2045.52880859
0.35700002 34807.67187500  2803.75805664
0.35800001 34883.33984375  2254.16137695
0.35900003 34952.05078125  2264.89306641
0.36000001 35014.51171875  2275.24316406
0.36100003 35069.91015625  2285.15551758
0.36200002 35119.58984375  1912.26171875
0.36300001 35161.94921875  2303.81103516
0.36400002 35198.11328125  2312.51611328
0.36500001 35227.73046875  2127.40258789
0.36600003 35251.33203125  2910.87890625
0.36700001 35268.74218750  2336.20166016
0.36800003 35280.60937500  2733.89453125
0.36900002 35286.20312500  2350.06127930
0.37000000 35284.78515625  2356.31787109
0.37100002 35278.03515625  2165.36596680
0.37200001 35266.00390625  2565.07275391
0.37300003 35247.99218750  2570.63623047
0.37400001 35224.52343750  2773.93139648
0.37500003 35195.47656250  2779.03515625
0.37600002 35161.03515625  2783.69921875
0.37700000 35121.18750000  2190.50854492
0.37800002 35076.38281250  3389.95727539
0.37900001 35026.64843750  2196.17089844
0.38000003 34971.44921875  2398.34204102
0.38100001 34911.63281250  2400.52392578
0.38200003 34846.86328125  2602.53808594
0.38300002 34777.28906250  2203.48901367
0.38400000 34703.66015625  2805.79101562
0.38500002 34624.75000000  3207.63696289
0.38600001 34542.68359375  2606.76367188
0.38700002 34455.26562500  2807.41528320
0.38800001 34363.80859375  2807.17968750
0.38900003 34268.71484375  2205.19189453
0.39000002 34169.89453125  2004.06445312
0.39100003 34067.11328125  2604.09033203
0.39200002 33960.96093750  2402.39843750
0.39300001 33850.46093750  2800.78710938
0.39400002 33737.90234375  2198.86791992
0.39500001 33620.81250000  2396.49169922
0.39600003 33500.34375000  1994.94555664
0.39700001 33377.30468750  2391.15014648
0.39800003 33251.37109375  2388.11376953
0.39900002 33122.35937500  2583.54418945
0.40000001 32990.69140625  2381.26806641
0.40100002 32855.91015625  2575.57495117
0.40200001 32719.35156250  2175.67333984
0.40300003 32579.65039062  2369.19238281
0.40400001 32437.96875000  2364.72802734
0.40500003 32294.03125000  1966.70666504
0.40600002 32148.27929688  2747.71362305
0.40700001 31999.78515625  2937.58032227
0.40800002 31849.85351562  2735.58398438
0.40900001 31697.94921875  3703.90551758
0.41000003 31545.00390625  2333.69946289
0.41100001 31389.80273438  2327.86791992
0.41200003 31232.98242188  2321.86010742
0.41300002 31075.54296875  2315.74951172
0.41400003 30916.03906250  2501.88061523
0.41500002 30755.71875000  2111.07275391
0.41600001 30593.62890625  1913.63146973
0.41700003 30431.29492188  2480.45507812
0.41800001 30268.40820312  2473.08032227
0.41900003 30103.24414062  2844.75683594
0.42000002 29938.47265625  2079.67602539
0.42100003 29772.72460938  2073.07495117
0.42200002 29606.93164062  1878.55993652
0.42300001 29439.83789062  2808.56054688
0.42400002 29272.37109375  2052.72509766
0.42500001 29105.09570312  2231.77880859
0.42600003 28937.06250000  2965.47045898
0.42700002 28769.31445312  2216.38818359
0.42800003 28601.22656250  1840.48901367
0.42900002 28433.70507812  2017.37145996
0.43000001 28265.65039062  2558.32397461
0.43100002 28097.40234375  2366.92529297
0.43200001 27929.90625000  2358.26171875
0.43300003 27762.36132812  2349.52880859
0.43400002 27595.52343750  2520.85107422
0.43500003 27428.38867188  2152.58007812
0.43600002 27263.19921875  1787.10278320
0.43700001 27096.98828125  1958.29931641
0.43800002 26931.47460938  1950.78149414
0.43900001 26767.18164062  2119.96093750
0.44000003 26603.51953125  1935.80517578
0.44100001 26440.45507812  2278.90283203
0.44200003 26278.27343750  1746.19140625
0.44300002 26116.74609375  2087.25048828
0.44400004 25956.39257812  2252.36621094
0.44500002 25796.13671875  2588.64233398
0.44600001 25637.25976562  2062.77392578
0.44700003 25479.79296875  2568.36328125
0.44800001 25323.00195312  1705.50427246
0.44900003 25167.63476562  2038.57861328
0.45000002 25013.60742188  2538.25585938
0.45100003 24859.93945312  2022.60485840
0.45200002 24708.17773438  2686.27319336
0.45300001 24557.23242188  2508.52124023
0.45400003 24407.68945312  2498.73730469
0.45500001 24259.41015625  2820.88427734
0.45600003 24112.36523438  2644.64428711
0.45700002 23966.96875000  2140.48999023
0.45800003 23822.46875000  1804.19482422
0.45900002 23679.38867188  1960.65344238
0.46000001 23538.70117188  2116.01147461
0.46100003 23398.17382812  2270.09106445
0.46200001 23259.98437500  1776.94653320
0.46300003 23122.70703125  1931.20861816
0.46400002 22986.98828125  2244.67944336
0.46500003 22852.97851562  1597.42333984
0.46600002 22720.58007812  1909.89208984
0.46700001 22589.15429688  1902.91040039
0.46800002 22460.18554688  2528.11865234
0.46900001 22331.81640625  2046.71105957
0.47000003 22205.35156250  1725.68896484
0.47100002 22080.75390625  1875.98095703
0.47200003 21957.38281250  2336.81469727
0.47300002 21835.92187500  1863.04089355
0.47400004 21715.56445312  1856.68090820
0.47500002 21597.14453125  1850.44348145
0.47600001 21480.59375000  2612.79199219
0.47700003 21364.66210938  2144.58496094
0.47800002 21251.02929688  2443.01831055
0.47900003 21139.14648438  1674.22045898
0.48000002 21028.16601562  2730.92797852
0.48100004 20919.96289062  1815.01611328
0.48200002 20811.76367188  1960.15600586
0.48300001 20705.67382812  1954.20153809
0.48400003 20601.56054688  1798.51635742
0.48500001 20498.82812500  1942.67395020
0.48600003 20397.78515625  2086.08154297
0.48700002 20298.18554688  1634.40991211
0.48800004 20199.71679688  2370.63891602
0.48900002 20102.92773438  2216.34790039
0.49000001 20008.01953125  2357.74511719
0.49100003 19914.64453125  1469.70080566
0.49200001 19822.27734375  1905.61462402
0.49300003 19731.78320312  1462.12524414
0.49400002 19642.64648438  1604.31323242
0.49500003 19554.65429688  1454.86633301
0.49600002 19468.64843750  2031.94287109
0.49700001 19383.77929688  1447.96838379
0.49800003 19300.39062500  1878.02465820
0.49900001 19218.23046875  2017.91430664
0.50000000 19137.65039062  2588.75000000
