#  M_Nov07_win_I_interp.dat
0.008079 0.000250 0.000000
0.008656 0.000192 0.000000
0.009233 0.000160 0.000000
0.009810 0.000143 0.000000
0.010387 0.000126 0.000000
0.010964 0.000119 0.000000
0.011541 0.000107 0.000000
0.012118 0.000093 0.000000
0.012695 0.000086 0.000000
0.013272 0.000080 0.000000
0.013849 0.000075 0.000000
0.014426 0.000071 0.000000
0.015003 0.000066 0.000000
0.015580 0.000064 0.000000
0.016157 0.000061 0.000000
0.016734 0.000058 0.000000
0.017311 0.000057 0.000000
0.017888 0.000055 0.000000
0.018465 0.000054 0.000000
0.019042 0.000052 0.000000
0.019619 0.000051 0.000000
0.020196 0.000049 0.000000
0.020773 0.000048 0.000000
0.021350 0.000047 0.000000
0.021927 0.000047 0.000000
0.022504 0.000046 0.000000
0.023081 0.000046 0.000000
0.023658 0.000045 0.000000
0.024235 0.000044 0.000000
0.024812 0.000044 0.000000
0.025389 0.000043 0.000000
0.025966 0.000042 0.000000
0.026543 0.000043 0.000000
0.027120 0.000042 0.000000
0.027697 0.000041 0.000000
0.028274 0.000040 0.000000
0.028851 0.000040 0.000000
0.029428 0.000040 0.000000
0.030005 0.000040 0.000000
0.030582 0.000040 0.000000
0.031159 0.000039 0.000000
0.031736 0.000039 0.000000
0.032313 0.000039 0.000000
0.032890 0.000039 0.000000
0.033467 0.000039 0.000000
0.034044 0.000038 0.000000
0.034621 0.000038 0.000000
0.035198 0.000038 0.000000
0.035775 0.000038 0.000000
0.036352 0.000037 0.000000
0.036929 0.000037 0.000000
0.037506 0.000038 0.000000
0.038083 0.000037 0.000000
0.038660 0.000037 0.000000
0.039237 0.000037 0.000000
0.039814 0.000037 0.000000
0.040391 0.000037 0.000000
0.040968 0.000036 0.000000
0.041545 0.000036 0.000000
0.042122 0.000036 0.000000
0.042699 0.000037 0.000000
0.043276 0.000037 0.000000
0.043853 0.000036 0.000000
0.044430 0.000036 0.000000
0.045007 0.000036 0.000000
0.045584 0.000036 0.000000
0.046161 0.000036 0.000000
0.046738 0.000036 0.000000
0.047315 0.000036 0.000000
0.047892 0.000036 0.000000
0.048469 0.000036 0.000000
0.049046 0.000036 0.000000
0.049623 0.000036 0.000000
0.050200 0.000036 0.000000
0.050777 0.000036 0.000000
0.051354 0.000035 0.000000
0.051931 0.000035 0.000000
0.052508 0.000036 0.000000
0.053085 0.000036 0.000000
0.053662 0.000035 0.000000
0.054239 0.000035 0.000000
0.054816 0.000035 0.000000
0.055393 0.000036 0.000000
0.055970 0.000036 0.000000
0.056547 0.000035 0.000000
0.057124 0.000035 0.000000
0.057701 0.000035 0.000000
0.058278 0.000035 0.000000
0.058855 0.000036 0.000000
0.059432 0.000035 0.000000
0.060009 0.000035 0.000000
0.060586 0.000035 0.000000
0.061163 0.000035 0.000000
0.061740 0.000035 0.000000
0.062317 0.000035 0.000000
0.062894 0.000035 0.000000
0.063471 0.000034 0.000000
0.064048 0.000035 0.000000
0.064625 0.000035 0.000000
0.065202 0.000035 0.000000
0.065779 0.000035 0.000000
0.066356 0.000034 0.000000
0.066933 0.000035 0.000000
0.067510 0.000035 0.000000
0.068087 0.000035 0.000000
0.068664 0.000035 0.000000
0.069241 0.000034 0.000000
0.069818 0.000035 0.000000
0.070395 0.000035 0.000000
0.070972 0.000034 0.000000
0.071549 0.000035 0.000000
0.072126 0.000035 0.000000
0.072703 0.000035 0.000000
0.073280 0.000035 0.000000
0.073857 0.000035 0.000000
0.074434 0.000034 0.000000
0.075011 0.000035 0.000000
0.075588 0.000035 0.000000
0.076165 0.000034 0.000000
0.076742 0.000034 0.000000
0.077319 0.000035 0.000000
0.077896 0.000035 0.000000
0.078473 0.000035 0.000000
0.079050 0.000035 0.000000
0.079627 0.000034 0.000000
0.080204 0.000034 0.000000
0.080781 0.000035 0.000000
0.081358 0.000034 0.000000
0.081935 0.000034 0.000000
0.082512 0.000034 0.000000
0.083089 0.000034 0.000000
0.083666 0.000034 0.000000
0.084243 0.000034 0.000000
0.084820 0.000035 0.000000
0.085397 0.000035 0.000000
0.085974 0.000035 0.000000
0.086551 0.000034 0.000000
0.087128 0.000034 0.000000
0.087705 0.000034 0.000000
0.088282 0.000034 0.000000
0.088859 0.000034 0.000000
0.089436 0.000034 0.000000
0.090013 0.000034 0.000000
0.090590 0.000034 0.000000
0.091167 0.000034 0.000000
0.091744 0.000034 0.000000
0.092321 0.000034 0.000000
0.092898 0.000035 0.000000
0.093475 0.000034 0.000000
0.094052 0.000034 0.000000
0.094629 0.000034 0.000000
0.095206 0.000034 0.000000
0.095783 0.000034 0.000000
0.096360 0.000034 0.000000
0.096937 0.000035 0.000000
0.097514 0.000034 0.000000
0.098091 0.000034 0.000000
0.098668 0.000034 0.000000
0.099245 0.000034 0.000000
0.099822 0.000034 0.000000
0.100399 0.000034 0.000000
0.100976 0.000034 0.000000
0.101553 0.000034 0.000000
0.102130 0.000034 0.000000
0.102707 0.000034 0.000000
0.103284 0.000034 0.000000
0.103861 0.000034 0.000000
0.104438 0.000034 0.000000
0.105015 0.000034 0.000000
0.105592 0.000034 0.000000
0.106169 0.000034 0.000000
0.106746 0.000034 0.000000
0.107323 0.000034 0.000000
0.107900 0.000034 0.000000
0.108477 0.000034 0.000000
0.109054 0.000034 0.000000
0.109631 0.000034 0.000000
0.110208 0.000034 0.000000
0.110785 0.000034 0.000000
0.111362 0.000034 0.000000
0.111939 0.000034 0.000000
0.112516 0.000034 0.000000
0.113093 0.000034 0.000000
0.113670 0.000034 0.000000
0.114247 0.000034 0.000000
0.114824 0.000034 0.000000
0.115401 0.000034 0.000000
0.115978 0.000034 0.000000
0.116555 0.000034 0.000000
0.117132 0.000034 0.000000
0.117709 0.000034 0.000000
0.118286 0.000033 0.000000
0.118863 0.000034 0.000000
0.119440 0.000034 0.000000
0.120017 0.000033 0.000000
0.120594 0.000034 0.000000
0.121171 0.000034 0.000000
0.121748 0.000034 0.000000
0.122325 0.000034 0.000000
0.122902 0.000034 0.000000
0.123479 0.000034 0.000000
0.124056 0.000034 0.000000
0.124633 0.000034 0.000000
0.125210 0.000034 0.000000
0.125787 0.000034 0.000000
0.126364 0.000033 0.000000
0.126941 0.000034 0.000000
0.127518 0.000034 0.000000
0.128095 0.000034 0.000000
0.128672 0.000034 0.000000
0.129249 0.000034 0.000000
0.129826 0.000033 0.000000
0.130403 0.000034 0.000000
0.130980 0.000034 0.000000
0.131557 0.000034 0.000000
0.132134 0.000034 0.000000
0.132711 0.000034 0.000000
0.133288 0.000034 0.000000
0.133865 0.000034 0.000000
0.134442 0.000034 0.000000
0.135019 0.000034 0.000000
0.135596 0.000033 0.000000
0.136173 0.000033 0.000000
0.136750 0.000034 0.000000
0.137327 0.000033 0.000000
0.137904 0.000034 0.000000
0.138481 0.000034 0.000000
0.139058 0.000034 0.000000
0.139635 0.000034 0.000000
0.140212 0.000034 0.000000
0.140789 0.000034 0.000000
0.141366 0.000034 0.000000
0.141943 0.000034 0.000000
0.142520 0.000033 0.000000
0.143097 0.000034 0.000000
0.143674 0.000034 0.000000
0.144251 0.000034 0.000000
0.144828 0.000034 0.000000
0.145405 0.000033 0.000000
0.145982 0.000034 0.000000
0.146559 0.000034 0.000000
0.147136 0.000034 0.000000
0.147713 0.000034 0.000000
0.148290 0.000033 0.000000
0.148867 0.000034 0.000000
0.149444 0.000034 0.000000
0.150021 0.000033 0.000000
0.150598 0.000034 0.000000
0.151175 0.000033 0.000000
0.151752 0.000033 0.000000
0.152329 0.000033 0.000000
0.152906 0.000034 0.000000
0.153483 0.000034 0.000000
0.154060 0.000034 0.000000
0.154637 0.000033 0.000000
0.155214 0.000034 0.000000
0.155791 0.000034 0.000000
0.156368 0.000033 0.000000
0.156945 0.000034 0.000000
0.157522 0.000034 0.000000
0.158099 0.000033 0.000000
0.158676 0.000034 0.000000
0.159253 0.000033 0.000000
0.159830 0.000034 0.000000
0.160407 0.000034 0.000000
0.160984 0.000034 0.000000
0.161561 0.000034 0.000000
0.162138 0.000033 0.000000
0.162715 0.000034 0.000000
0.163292 0.000034 0.000000
0.163869 0.000033 0.000000
0.164446 0.000033 0.000000
0.165023 0.000034 0.000000
0.165600 0.000033 0.000000
0.166177 0.000033 0.000000
0.166754 0.000033 0.000000
0.167331 0.000034 0.000000
0.167908 0.000034 0.000000
0.168485 0.000033 0.000000
0.169062 0.000033 0.000000
0.169639 0.000033 0.000000
0.170216 0.000034 0.000000
0.170793 0.000034 0.000000
0.171370 0.000033 0.000000
0.171947 0.000034 0.000000
0.172524 0.000034 0.000000
0.173101 0.000034 0.000000
0.173678 0.000033 0.000000
0.174255 0.000034 0.000000
0.174832 0.000033 0.000000
0.175409 0.000034 0.000000
0.175986 0.000034 0.000000
0.176563 0.000034 0.000000
0.177140 0.000033 0.000000
0.177717 0.000034 0.000000
0.178294 0.000034 0.000000
0.178871 0.000034 0.000000
0.179448 0.000034 0.000000
0.180025 0.000033 0.000000
0.180602 0.000034 0.000000
0.181179 0.000033 0.000000
0.181756 0.000033 0.000000
0.182333 0.000033 0.000000
0.182910 0.000033 0.000000
0.183487 0.000033 0.000000
0.184064 0.000033 0.000000
0.184641 0.000033 0.000000
0.185218 0.000034 0.000000
0.185795 0.000033 0.000000
0.186372 0.000033 0.000000
0.186949 0.000033 0.000000
0.187526 0.000033 0.000000
0.188103 0.000034 0.000000
0.188680 0.000033 0.000000
0.189257 0.000033 0.000000
0.189834 0.000033 0.000000
0.190411 0.000034 0.000000
0.190988 0.000034 0.000000
0.191565 0.000033 0.000000
0.192142 0.000033 0.000000
0.192719 0.000033 0.000000
0.193296 0.000033 0.000000
0.193873 0.000034 0.000000
0.194450 0.000033 0.000000
0.195027 0.000033 0.000000
0.195604 0.000033 0.000000
0.196181 0.000033 0.000000
0.196758 0.000033 0.000000
0.197335 0.000033 0.000000
0.197912 0.000034 0.000000
0.198489 0.000033 0.000000
0.199066 0.000034 0.000000
0.199643 0.000033 0.000000
0.200220 0.000033 0.000000
0.200797 0.000034 0.000000
0.201374 0.000033 0.000000
0.201951 0.000033 0.000000
0.202528 0.000033 0.000000
0.203105 0.000033 0.000000
0.203682 0.000033 0.000000
0.204259 0.000033 0.000000
0.204836 0.000033 0.000000
0.205413 0.000034 0.000000
0.205990 0.000033 0.000000
0.206567 0.000033 0.000000
0.207144 0.000033 0.000000
0.207721 0.000033 0.000000
0.208298 0.000034 0.000000
0.208875 0.000033 0.000000
0.209452 0.000033 0.000000
0.210029 0.000033 0.000000
0.210606 0.000033 0.000000
0.211183 0.000033 0.000000
0.211760 0.000033 0.000000
0.212337 0.000033 0.000000
0.212914 0.000033 0.000000
0.213491 0.000034 0.000000
0.214068 0.000033 0.000000
0.214645 0.000033 0.000000
0.215222 0.000033 0.000000
0.215799 0.000033 0.000000
0.216376 0.000033 0.000000
0.216953 0.000033 0.000000
0.217530 0.000033 0.000000
0.218107 0.000033 0.000000
0.218684 0.000033 0.000000
0.219261 0.000033 0.000000
0.219838 0.000033 0.000000
0.220415 0.000034 0.000000
0.220992 0.000034 0.000000
0.221569 0.000033 0.000000
0.222146 0.000033 0.000000
0.222723 0.000033 0.000000
0.223300 0.000033 0.000000
0.223877 0.000033 0.000000
0.224454 0.000033 0.000000
0.225031 0.000033 0.000000
0.225608 0.000033 0.000000
0.226185 0.000033 0.000000
0.226762 0.000033 0.000000
0.227339 0.000033 0.000000
0.227916 0.000033 0.000000
0.228493 0.000033 0.000000
0.229070 0.000034 0.000000
0.229647 0.000034 0.000000
0.230224 0.000033 0.000000
0.230801 0.000033 0.000000
0.231378 0.000033 0.000000
0.231955 0.000033 0.000000
0.232532 0.000033 0.000000
0.233109 0.000034 0.000000
0.233686 0.000033 0.000000
0.234263 0.000033 0.000000
0.234840 0.000033 0.000000
0.235417 0.000033 0.000000
0.235994 0.000033 0.000000
0.236571 0.000033 0.000000
0.237148 0.000033 0.000000
0.237725 0.000033 0.000000
0.238302 0.000033 0.000000
0.238879 0.000033 0.000000
0.239456 0.000033 0.000000
0.240033 0.000033 0.000000
0.240610 0.000033 0.000000
0.241187 0.000033 0.000000
0.241764 0.000033 0.000000
0.242341 0.000033 0.000000
0.242918 0.000033 0.000000
0.243495 0.000033 0.000000
0.244072 0.000033 0.000000
0.244649 0.000033 0.000000
0.245226 0.000033 0.000000
0.245803 0.000033 0.000000
0.246380 0.000033 0.000000
0.246957 0.000033 0.000000
0.247534 0.000033 0.000000
0.248111 0.000033 0.000000
0.248688 0.000033 0.000000
0.249265 0.000033 0.000000
0.249842 0.000033 0.000000
0.250419 0.000033 0.000000
0.250996 0.000033 0.000000
0.251573 0.000033 0.000000
0.252150 0.000033 0.000000
0.252727 0.000033 0.000000
0.253304 0.000033 0.000000
0.253881 0.000033 0.000000
0.254458 0.000033 0.000000
0.255035 0.000033 0.000000
0.255612 0.000033 0.000000
0.256189 0.000033 0.000000
0.256766 0.000033 0.000000
0.257343 0.000033 0.000000
0.257920 0.000033 0.000000
0.258497 0.000033 0.000000
0.259074 0.000033 0.000000
0.259651 0.000033 0.000000
0.260228 0.000033 0.000000
0.260805 0.000033 0.000000
0.261382 0.000033 0.000000
0.261959 0.000033 0.000000
0.262536 0.000033 0.000000
0.263113 0.000033 0.000000
0.263690 0.000033 0.000000
0.264267 0.000033 0.000000
0.264844 0.000033 0.000000
0.265421 0.000033 0.000000
0.265998 0.000033 0.000000
0.266575 0.000033 0.000000
0.267152 0.000033 0.000000
0.267729 0.000033 0.000000
0.268306 0.000033 0.000000
0.268883 0.000033 0.000000
0.269460 0.000033 0.000000
0.270037 0.000033 0.000000
0.270614 0.000033 0.000000
0.271191 0.000033 0.000000
0.271768 0.000033 0.000000
0.272345 0.000033 0.000000
0.272922 0.000033 0.000000
0.273499 0.000033 0.000000
0.274076 0.000033 0.000000
0.274653 0.000033 0.000000
0.275230 0.000033 0.000000
0.275807 0.000033 0.000000
0.276384 0.000033 0.000000
0.276961 0.000033 0.000000
0.277538 0.000033 0.000000
0.278115 0.000033 0.000000
0.278692 0.000033 0.000000
0.279269 0.000033 0.000000
0.279846 0.000033 0.000000
0.280423 0.000033 0.000000
0.281000 0.000033 0.000000
0.281577 0.000033 0.000000
0.282154 0.000033 0.000000
0.282731 0.000033 0.000000
0.283308 0.000033 0.000000
0.283885 0.000033 0.000000
0.284462 0.000033 0.000000
0.285039 0.000033 0.000000
0.285616 0.000033 0.000000
0.286193 0.000033 0.000000
0.286770 0.000033 0.000000
0.287347 0.000033 0.000000
0.287924 0.000033 0.000000
0.288501 0.000033 0.000000
0.289078 0.000033 0.000000
0.289655 0.000033 0.000000
0.290232 0.000033 0.000000
0.290809 0.000033 0.000000
0.291386 0.000033 0.000000
0.291963 0.000033 0.000000
0.292540 0.000033 0.000000
0.293117 0.000033 0.000000
0.293694 0.000033 0.000000
0.294271 0.000033 0.000000
0.294848 0.000033 0.000000
0.295425 0.000033 0.000000
0.296002 0.000033 0.000000
0.296579 0.000033 0.000000
0.297156 0.000033 0.000000
0.297733 0.000033 0.000000
0.298310 0.000033 0.000000
0.298887 0.000033 0.000000
0.299464 0.000033 0.000000
0.300041 0.000033 0.000000
0.300618 0.000033 0.000000
0.301195 0.000033 0.000000
0.301772 0.000033 0.000000
0.302349 0.000033 0.000000
0.302926 0.000033 0.000000
0.303503 0.000033 0.000000
0.304080 0.000033 0.000000
0.304657 0.000033 0.000000
0.305234 0.000033 0.000000
0.305811 0.000033 0.000000
0.306388 0.000033 0.000000
0.306965 0.000033 0.000000
0.307542 0.000033 0.000000
0.308119 0.000033 0.000000
0.308696 0.000033 0.000000
0.309273 0.000033 0.000000
0.309850 0.000033 0.000000
0.310427 0.000033 0.000000
0.311004 0.000033 0.000000
0.311581 0.000033 0.000000
0.312158 0.000033 0.000000
0.312735 0.000033 0.000000
0.313312 0.000033 0.000000
0.313889 0.000033 0.000000
0.314466 0.000033 0.000000
0.315043 0.000033 0.000000
0.315620 0.000033 0.000000
0.316197 0.000033 0.000000
0.316774 0.000033 0.000000
0.317351 0.000033 0.000000
0.317928 0.000033 0.000000
0.318505 0.000033 0.000000
0.319082 0.000033 0.000000
0.319659 0.000033 0.000000
0.320236 0.000033 0.000000
0.320813 0.000033 0.000000
0.321390 0.000033 0.000000
0.321967 0.000033 0.000000
0.322544 0.000033 0.000000
0.323121 0.000033 0.000000
0.323698 0.000033 0.000000
0.324275 0.000033 0.000000
0.324852 0.000033 0.000000
0.325429 0.000033 0.000000
0.326006 0.000033 0.000000
0.326583 0.000033 0.000000
0.327160 0.000033 0.000000
0.327737 0.000033 0.000000
0.328314 0.000033 0.000000
0.328891 0.000033 0.000000
0.329468 0.000033 0.000000
0.330045 0.000033 0.000000
0.330622 0.000033 0.000000
0.331199 0.000033 0.000000
0.331776 0.000033 0.000000
0.332353 0.000033 0.000000
0.332930 0.000033 0.000000
0.333507 0.000033 0.000000
0.334084 0.000033 0.000000
0.334661 0.000033 0.000000
0.335238 0.000033 0.000000
0.335815 0.000033 0.000000
0.336392 0.000033 0.000000
0.336969 0.000033 0.000000
0.337546 0.000033 0.000000
0.338123 0.000033 0.000000
0.338700 0.000033 0.000000
0.339277 0.000033 0.000000
0.339854 0.000033 0.000000
0.340431 0.000033 0.000000
0.341008 0.000033 0.000000
0.341585 0.000033 0.000000
0.342162 0.000033 0.000000
0.342739 0.000033 0.000000
0.343316 0.000033 0.000000
0.343893 0.000033 0.000000
0.344470 0.000033 0.000000
0.345047 0.000033 0.000000
0.345624 0.000033 0.000000
0.346201 0.000033 0.000000
0.346778 0.000033 0.000000
0.347355 0.000033 0.000000
0.347932 0.000033 0.000000
0.348509 0.000033 0.000000
0.349086 0.000033 0.000000
0.349663 0.000033 0.000000
0.350240 0.000033 0.000000
0.350817 0.000033 0.000000
0.351394 0.000033 0.000000
0.351971 0.000033 0.000000
0.352548 0.000033 0.000000
0.353125 0.000033 0.000000
0.353702 0.000033 0.000000
0.354279 0.000033 0.000000
0.354856 0.000033 0.000000
0.355433 0.000033 0.000000
0.356010 0.000033 0.000000
0.356587 0.000033 0.000000
0.357164 0.000033 0.000000
0.357741 0.000033 0.000000
0.358318 0.000033 0.000000
0.358895 0.000033 0.000000
0.359472 0.000033 0.000000
0.360049 0.000033 0.000000
0.360626 0.000033 0.000000
0.361203 0.000033 0.000000
0.361780 0.000033 0.000000
0.362357 0.000033 0.000000
0.362934 0.000033 0.000000
0.363511 0.000033 0.000000
0.364088 0.000033 0.000000
0.364665 0.000033 0.000000
0.365242 0.000033 0.000000
0.365819 0.000033 0.000000
0.366396 0.000033 0.000000
0.366973 0.000033 0.000000
0.367550 0.000033 0.000000
0.368127 0.000033 0.000000
0.368704 0.000033 0.000000
0.369281 0.000033 0.000000
0.369858 0.000033 0.000000
0.370435 0.000033 0.000000
0.371012 0.000033 0.000000
0.371589 0.000033 0.000000
0.372166 0.000033 0.000000
0.372743 0.000033 0.000000
0.373320 0.000033 0.000000
0.373897 0.000033 0.000000
0.374474 0.000033 0.000000
0.375051 0.000033 0.000000
0.375628 0.000033 0.000000
0.376205 0.000033 0.000000
0.376782 0.000033 0.000000
0.377359 0.000033 0.000000
0.377936 0.000033 0.000000
0.378513 0.000033 0.000000
0.379090 0.000033 0.000000
0.379667 0.000033 0.000000
0.380244 0.000033 0.000000
0.380821 0.000033 0.000000
0.381398 0.000033 0.000000
0.381975 0.000033 0.000000
0.382552 0.000033 0.000000
0.383129 0.000033 0.000000
0.383706 0.000033 0.000000
0.384283 0.000033 0.000000
0.384860 0.000033 0.000000
0.385437 0.000033 0.000000
0.386014 0.000033 0.000000
0.386591 0.000033 0.000000
0.387168 0.000033 0.000000
0.387745 0.000033 0.000000
0.388322 0.000033 0.000000
0.388899 0.000033 0.000000
0.389476 0.000033 0.000000
0.390053 0.000033 0.000000
0.390630 0.000033 0.000000
0.391207 0.000033 0.000000
0.391784 0.000033 0.000000
0.392361 0.000033 0.000000
0.392938 0.000033 0.000000
0.393515 0.000033 0.000000
0.394092 0.000033 0.000000
0.394669 0.000033 0.000000
0.395246 0.000033 0.000000
0.395823 0.000033 0.000000
0.396400 0.000033 0.000000
0.396977 0.000033 0.000000
0.397554 0.000033 0.000000
0.398131 0.000033 0.000000
0.398708 0.000033 0.000000
0.399285 0.000033 0.000000
0.399862 0.000033 0.000000
0.400439 0.000033 0.000000
0.401016 0.000033 0.000000
0.401593 0.000033 0.000000
0.402170 0.000033 0.000000
0.402747 0.000033 0.000000
0.403324 0.000033 0.000000
0.403901 0.000033 0.000000
0.404478 0.000033 0.000000
0.405055 0.000033 0.000000
0.405632 0.000033 0.000000
0.406209 0.000033 0.000000
0.406786 0.000033 0.000000
0.407363 0.000033 0.000000
0.407940 0.000033 0.000000
0.408517 0.000033 0.000000
0.409094 0.000033 0.000000
0.409671 0.000033 0.000000
0.410248 0.000033 0.000000
0.410825 0.000033 0.000000
0.411402 0.000033 0.000000
0.411979 0.000033 0.000000
0.412556 0.000033 0.000000
0.413133 0.000033 0.000000
0.413710 0.000033 0.000000
0.414287 0.000033 0.000000
0.414864 0.000033 0.000000
0.415441 0.000033 0.000000
0.416018 0.000033 0.000000
0.416595 0.000033 0.000000
0.417172 0.000033 0.000000
0.417749 0.000033 0.000000
0.418326 0.000033 0.000000
0.418903 0.000033 0.000000
0.419480 0.000033 0.000000
0.420057 0.000033 0.000000
0.420634 0.000033 0.000000
0.421211 0.000033 0.000000
0.421788 0.000033 0.000000
0.422365 0.000033 0.000000
0.422942 0.000033 0.000000
0.423519 0.000033 0.000000
0.424096 0.000033 0.000000
0.424673 0.000033 0.000000
0.425250 0.000033 0.000000
0.425827 0.000033 0.000000
0.426404 0.000033 0.000000
0.426981 0.000033 0.000000
0.427558 0.000033 0.000000
0.428135 0.000033 0.000000
0.428712 0.000033 0.000000
0.429289 0.000033 0.000000
0.429866 0.000033 0.000000
0.430443 0.000033 0.000000
0.431020 0.000033 0.000000
0.431597 0.000033 0.000000
0.432174 0.000033 0.000000
0.432751 0.000033 0.000000
0.433328 0.000033 0.000000
0.433905 0.000033 0.000000
0.434482 0.000033 0.000000
0.435059 0.000033 0.000000
0.435636 0.000033 0.000000
0.436213 0.000033 0.000000
0.436790 0.000033 0.000000
0.437367 0.000033 0.000000
0.437944 0.000033 0.000000
0.438521 0.000033 0.000000
0.439098 0.000033 0.000000
0.439675 0.000033 0.000000
0.440252 0.000033 0.000000
0.440829 0.000033 0.000000
0.441406 0.000033 0.000000
0.441983 0.000033 0.000000
0.442560 0.000033 0.000000
0.443137 0.000033 0.000000
0.443714 0.000033 0.000000
0.444291 0.000033 0.000000
0.444868 0.000033 0.000000
0.445445 0.000033 0.000000
0.446022 0.000033 0.000000
0.446599 0.000033 0.000000
0.447176 0.000033 0.000000
0.447753 0.000033 0.000000
0.448330 0.000033 0.000000
0.448907 0.000033 0.000000
0.449484 0.000033 0.000000
0.450061 0.000033 0.000000
0.450638 0.000033 0.000000
0.451215 0.000033 0.000000
0.451792 0.000033 0.000000
0.452369 0.000033 0.000000
0.452946 0.000033 0.000000
0.453523 0.000033 0.000000
0.454100 0.000033 0.000000
0.454677 0.000033 0.000000
0.455254 0.000033 0.000000
0.455831 0.000033 0.000000
0.456408 0.000033 0.000000
0.456985 0.000033 0.000000
0.457562 0.000033 0.000000
0.458139 0.000033 0.000000
0.458716 0.000033 0.000000
0.459293 0.000033 0.000000
0.459870 0.000033 0.000000
0.460447 0.000033 0.000000
0.461024 0.000033 0.000000
0.461601 0.000033 0.000000
0.462178 0.000033 0.000000
0.462755 0.000033 0.000000
0.463332 0.000033 0.000000
0.463909 0.000033 0.000000
0.464486 0.000033 0.000000
0.465063 0.000033 0.000000
0.465640 0.000033 0.000000
0.466217 0.000033 0.000000
0.466794 0.000033 0.000000
0.467371 0.000033 0.000000
0.467948 0.000033 0.000000
0.468525 0.000033 0.000000
0.469102 0.000033 0.000000
0.469679 0.000033 0.000000
0.470256 0.000033 0.000000
0.470833 0.000033 0.000000
0.471410 0.000033 0.000000
0.471987 0.000033 0.000000
0.472564 0.000033 0.000000
0.473141 0.000033 0.000000
0.473718 0.000033 0.000000
0.474295 0.000033 0.000000
0.474872 0.000033 0.000000
0.475449 0.000033 0.000000
0.476026 0.000033 0.000000
0.476603 0.000033 0.000000
0.477180 0.000033 0.000000
0.477757 0.000033 0.000000
0.478334 0.000033 0.000000
0.478911 0.000033 0.000000
0.479488 0.000033 0.000000
0.480065 0.000033 0.000000
0.480642 0.000033 0.000000
0.481219 0.000033 0.000000
0.481796 0.000033 0.000000
0.482373 0.000033 0.000000
0.482950 0.000033 0.000000
0.483527 0.000033 0.000000
0.484104 0.000033 0.000000
0.484681 0.000033 0.000000
0.485258 0.000033 0.000000
0.485835 0.000033 0.000000
0.486412 0.000033 0.000000
0.486989 0.000033 0.000000
0.487566 0.000033 0.000000
0.488143 0.000033 0.000000
0.488720 0.000033 0.000000
0.489297 0.000033 0.000000
0.489874 0.000033 0.000000
0.490451 0.000033 0.000000
0.491028 0.000033 0.000000
0.491605 0.000033 0.000000
0.492182 0.000033 0.000000
0.492759 0.000033 0.000000
0.493336 0.000033 0.000000
0.493913 0.000033 0.000000
0.494490 0.000033 0.000000
0.495067 0.000033 0.000000
0.495644 0.000033 0.000000
0.496221 0.000033 0.000000
0.496798 0.000033 0.000000
0.497375 0.000033 0.000000
0.497952 0.000033 0.000000
0.498529 0.000033 0.000000
0.499106 0.000033 0.000000
0.499683 0.000033 0.000000
0.500260 0.000033 0.000000
0.500837 0.000033 0.000000
0.501414 0.000033 0.000000
0.501991 0.000033 0.000000
0.502568 0.000033 0.000000
0.503145 0.000033 0.000000
0.503722 0.000033 0.000000
0.504299 0.000033 0.000000
0.504876 0.000033 0.000000
0.505453 0.000033 0.000000
0.506030 0.000033 0.000000
0.506607 0.000033 0.000000
0.507184 0.000033 0.000000
0.507761 0.000033 0.000000
0.508338 0.000033 0.000000
0.508915 0.000033 0.000000
0.509492 0.000033 0.000000
0.510069 0.000033 0.000000
0.510646 0.000033 0.000000
0.511223 0.000033 0.000000
0.511800 0.000033 0.000000
0.512377 0.000033 0.000000
0.512954 0.000033 0.000000
0.513531 0.000033 0.000000
0.514108 0.000033 0.000000
0.514685 0.000033 0.000000
0.515262 0.000033 0.000000
0.515839 0.000033 0.000000
0.516416 0.000033 0.000000
0.516993 0.000033 0.000000
0.517570 0.000033 0.000000
0.518147 0.000033 0.000000
0.518724 0.000033 0.000000
0.519301 0.000033 0.000000
0.519878 0.000033 0.000000
0.520455 0.000033 0.000000
0.521032 0.000033 0.000000
0.521609 0.000033 0.000000
0.522186 0.000033 0.000000
0.522763 0.000033 0.000000
0.523340 0.000033 0.000000
0.523917 0.000033 0.000000
0.524494 0.000033 0.000000
0.525071 0.000033 0.000000
0.525648 0.000033 0.000000
0.526225 0.000033 0.000000
0.526802 0.000033 0.000000
0.527379 0.000033 0.000000
0.527956 0.000033 0.000000
0.528533 0.000033 0.000000
0.529110 0.000033 0.000000
0.529687 0.000033 0.000000
0.530264 0.000033 0.000000
0.530841 0.000033 0.000000
0.531418 0.000033 0.000000
0.531995 0.000033 0.000000
0.532572 0.000033 0.000000
0.533149 0.000033 0.000000
0.533726 0.000033 0.000000
0.534303 0.000033 0.000000
0.534880 0.000033 0.000000
0.535457 0.000033 0.000000
0.536034 0.000033 0.000000
0.536611 0.000033 0.000000
0.537188 0.000033 0.000000
0.537765 0.000033 0.000000
0.538342 0.000033 0.000000
0.538919 0.000033 0.000000
0.539496 0.000033 0.000000
0.540073 0.000033 0.000000
0.540650 0.000033 0.000000
0.541227 0.000033 0.000000
0.541804 0.000033 0.000000
0.542381 0.000033 0.000000
0.542958 0.000033 0.000000
0.543535 0.000033 0.000000
0.544112 0.000033 0.000000
0.544689 0.000033 0.000000
0.545266 0.000033 0.000000
0.545843 0.000033 0.000000
0.546420 0.000033 0.000000
0.546997 0.000033 0.000000
0.547574 0.000033 0.000000
0.548151 0.000033 0.000000
0.548728 0.000033 0.000000
0.549305 0.000033 0.000000
0.549882 0.000033 0.000000
0.550459 0.000033 0.000000
0.551036 0.000033 0.000000
0.551613 0.000033 0.000000
0.552190 0.000033 0.000000
0.552767 0.000033 0.000000
0.553344 0.000033 0.000000
0.553921 0.000033 0.000000
0.554498 0.000033 0.000000
0.555075 0.000033 0.000000
0.555652 0.000033 0.000000
0.556229 0.000033 0.000000
0.556806 0.000033 0.000000
0.557383 0.000033 0.000000
0.557960 0.000033 0.000000
0.558537 0.000033 0.000000
0.559114 0.000033 0.000000
0.559691 0.000033 0.000000
0.560268 0.000033 0.000000
0.560845 0.000033 0.000000
0.561422 0.000033 0.000000
0.561999 0.000033 0.000000
0.562576 0.000033 0.000000
0.563153 0.000033 0.000000
0.563730 0.000033 0.000000
0.564307 0.000033 0.000000
0.564884 0.000033 0.000000
0.565461 0.000033 0.000000
0.566038 0.000033 0.000000
0.566615 0.000033 0.000000
0.567192 0.000033 0.000000
0.567769 0.000033 0.000000
0.568346 0.000033 0.000000
0.568923 0.000033 0.000000
0.569500 0.000033 0.000000
0.570077 0.000033 0.000000
0.570654 0.000033 0.000000
0.571231 0.000033 0.000000
0.571808 0.000033 0.000000
0.572385 0.000033 0.000000
0.572962 0.000033 0.000000
0.573539 0.000033 0.000000
0.574116 0.000033 0.000000
0.574693 0.000033 0.000000
0.575270 0.000033 0.000000
0.575847 0.000033 0.000000
0.576424 0.000033 0.000000
0.577001 0.000033 0.000000
0.577578 0.000033 0.000000
0.578155 0.000033 0.000000
0.578732 0.000033 0.000000
0.579309 0.000033 0.000000
0.579886 0.000033 0.000000
0.580463 0.000033 0.000000
0.581040 0.000033 0.000000
0.581617 0.000033 0.000000
0.582194 0.000033 0.000000
0.582771 0.000033 0.000000
0.583348 0.000033 0.000000
0.583925 0.000033 0.000000
0.584502 0.000033 0.000000
0.585079 0.000033 0.000000
0.585656 0.000033 0.000000
0.586233 0.000033 0.000000
0.586810 0.000033 0.000000
0.587387 0.000033 0.000000
0.587964 0.000033 0.000000
0.588541 0.000033 0.000000
0.589118 0.000033 0.000000
0.589695 0.000033 0.000000
0.590272 0.000033 0.000000
0.590849 0.000033 0.000000
0.591426 0.000033 0.000000
0.592003 0.000033 0.000000
0.592580 0.000033 0.000000
0.593157 0.000033 0.000000
0.593734 0.000033 0.000000
0.594311 0.000033 0.000000
0.594888 0.000033 0.000000
0.595465 0.000033 0.000000
0.596042 0.000033 0.000000
0.596619 0.000033 0.000000
0.597196 0.000033 0.000000
0.597773 0.000033 0.000000
0.598350 0.000033 0.000000
0.598927 0.000033 0.000000
0.599504 0.000033 0.000000
0.600081 0.000033 0.000000
0.600658 0.000033 0.000000
0.601235 0.000033 0.000000
0.601812 0.000033 0.000000
0.602389 0.000033 0.000000
0.602966 0.000033 0.000000
0.603543 0.000033 0.000000
0.604120 0.000033 0.000000
0.604697 0.000033 0.000000
0.605274 0.000033 0.000000
0.605851 0.000033 0.000000
0.606428 0.000033 0.000000
0.607005 0.000033 0.000000
0.607582 0.000033 0.000000
0.608159 0.000033 0.000000
0.608736 0.000033 0.000000
0.609313 0.000033 0.000000
0.609890 0.000033 0.000000
0.610467 0.000033 0.000000
0.611044 0.000033 0.000000
0.611621 0.000033 0.000000
0.612198 0.000033 0.000000
0.612775 0.000033 0.000000
0.613352 0.000033 0.000000
0.613929 0.000033 0.000000
0.614506 0.000033 0.000000
0.615083 0.000033 0.000000
0.615660 0.000033 0.000000
0.616237 0.000033 0.000000
0.616814 0.000033 0.000000
0.617391 0.000033 0.000000
0.617968 0.000033 0.000000
0.618545 0.000033 0.000000
0.619122 0.000033 0.000000
0.619699 0.000033 0.000000
0.620276 0.000033 0.000000
0.620853 0.000033 0.000000
0.621430 0.000033 0.000000
0.622007 0.000033 0.000000
0.622584 0.000033 0.000000
0.623161 0.000033 0.000000
0.623738 0.000033 0.000000
0.624315 0.000033 0.000000
0.624892 0.000033 0.000000
0.625469 0.000033 0.000000
0.626046 0.000033 0.000000
0.626623 0.000033 0.000000
0.627200 0.000033 0.000000
0.627777 0.000033 0.000000
0.628354 0.000033 0.000000
0.628931 0.000033 0.000000
0.629508 0.000033 0.000000
0.630085 0.000033 0.000000
0.630662 0.000033 0.000000
0.631239 0.000033 0.000000
0.631816 0.000033 0.000000
0.632393 0.000033 0.000000
0.632970 0.000033 0.000000
0.633547 0.000033 0.000000
0.634124 0.000033 0.000000
0.634701 0.000033 0.000000
0.635278 0.000033 0.000000
0.635855 0.000033 0.000000
0.636432 0.000033 0.000000
0.637009 0.000033 0.000000
0.637586 0.000033 0.000000
0.638163 0.000033 0.000000
0.638740 0.000033 0.000000
0.639317 0.000033 0.000000
0.639894 0.000033 0.000000
0.640471 0.000033 0.000000
0.641048 0.000033 0.000000
0.641625 0.000033 0.000000
0.642202 0.000033 0.000000
0.642779 0.000033 0.000000
0.643356 0.000033 0.000000
0.643933 0.000033 0.000000
0.644510 0.000033 0.000000
0.645087 0.000033 0.000000
0.645664 0.000033 0.000000
0.646241 0.000033 0.000000
0.646818 0.000033 0.000000
0.647395 0.000033 0.000000
0.647972 0.000033 0.000000
0.648549 0.000033 0.000000
0.649126 0.000033 0.000000
0.649703 0.000033 0.000000
0.650280 0.000033 0.000000
0.650857 0.000033 0.000000
0.651434 0.000033 0.000000
0.652011 0.000033 0.000000
0.652588 0.000033 0.000000
0.653165 0.000033 0.000000
0.653742 0.000033 0.000000
0.654319 0.000033 0.000000
0.654896 0.000033 0.000000
0.655473 0.000033 0.000000
0.656050 0.000033 0.000000
0.656627 0.000033 0.000000
0.657204 0.000033 0.000000
0.657781 0.000033 0.000000
0.658358 0.000033 0.000000
0.658935 0.000033 0.000000
0.659512 0.000033 0.000000
0.660089 0.000033 0.000000
0.660666 0.000033 0.000000
0.661243 0.000033 0.000000
0.661820 0.000033 0.000000
0.662397 0.000033 0.000000
0.662974 0.000033 0.000000
0.663551 0.000033 0.000000
0.664128 0.000033 0.000000
0.664705 0.000033 0.000000
0.665282 0.000033 0.000000
0.665859 0.000033 0.000000
0.666436 0.000033 0.000000
0.667013 0.000033 0.000000
0.667590 0.000033 0.000000
0.668167 0.000033 0.000000
0.668744 0.000033 0.000000
0.669321 0.000033 0.000000
0.669898 0.000033 0.000000
0.670475 0.000033 0.000000
0.671052 0.000033 0.000000
0.671629 0.000033 0.000000
0.672206 0.000033 0.000000
0.672783 0.000033 0.000000
0.673360 0.000033 0.000000
0.673937 0.000033 0.000000
0.674514 0.000033 0.000000
0.675091 0.000033 0.000000
0.675668 0.000033 0.000000
0.676245 0.000033 0.000000
0.676822 0.000033 0.000000
0.677399 0.000033 0.000000
0.677976 0.000033 0.000000
0.678553 0.000033 0.000000
0.679130 0.000033 0.000000
0.679707 0.000033 0.000000
0.680284 0.000033 0.000000
0.680861 0.000033 0.000000
0.681438 0.000033 0.000000
0.682015 0.000033 0.000000
0.682592 0.000033 0.000000
0.683169 0.000033 0.000000
0.683746 0.000033 0.000000
0.684323 0.000033 0.000000
0.684900 0.000033 0.000000
0.685477 0.000033 0.000000
0.686054 0.000033 0.000000
0.686631 0.000033 0.000000
0.687208 0.000033 0.000000
0.687785 0.000033 0.000000
0.688362 0.000033 0.000000
0.688939 0.000033 0.000000
0.689516 0.000033 0.000000
0.690093 0.000033 0.000000
0.690670 0.000033 0.000000
0.691247 0.000033 0.000000
0.691824 0.000033 0.000000
0.692401 0.000033 0.000000
0.692978 0.000033 0.000000
0.693555 0.000033 0.000000
0.694132 0.000033 0.000000
0.694709 0.000033 0.000000
0.695286 0.000033 0.000000
0.695863 0.000033 0.000000
0.696440 0.000033 0.000000
0.697017 0.000033 0.000000
0.697594 0.000033 0.000000
0.698171 0.000033 0.000000
0.698748 0.000033 0.000000
0.699325 0.000033 0.000000
0.699902 0.000033 0.000000
0.700479 0.000033 0.000000
0.701056 0.000033 0.000000
0.701633 0.000033 0.000000
0.702210 0.000033 0.000000
0.702787 0.000033 0.000000
0.703364 0.000033 0.000000
0.703941 0.000033 0.000000
0.704518 0.000033 0.000000
0.705095 0.000033 0.000000
0.705672 0.000033 0.000000
0.706249 0.000033 0.000000
0.706826 0.000033 0.000000
0.707403 0.000033 0.000000
0.707980 0.000033 0.000000
0.708557 0.000033 0.000000
0.709134 0.000033 0.000000
0.709711 0.000033 0.000000
0.710288 0.000033 0.000000
0.710865 0.000033 0.000000
0.711442 0.000033 0.000000
0.712019 0.000033 0.000000
0.712596 0.000033 0.000000
0.713173 0.000033 0.000000
0.713750 0.000033 0.000000
0.714327 0.000033 0.000000
0.714904 0.000033 0.000000
0.715481 0.000033 0.000000
0.716058 0.000033 0.000000
0.716635 0.000033 0.000000
0.717212 0.000033 0.000000
0.717789 0.000033 0.000000
0.718366 0.000033 0.000000
0.718943 0.000033 0.000000
0.719520 0.000033 0.000000
0.720097 0.000033 0.000000
0.720674 0.000033 0.000000
0.721251 0.000033 0.000000
0.721828 0.000033 0.000000
0.722405 0.000033 0.000000
0.722982 0.000033 0.000000
0.723559 0.000033 0.000000
0.724136 0.000033 0.000000
0.724713 0.000033 0.000000
0.725290 0.000033 0.000000
0.725867 0.000033 0.000000
0.726444 0.000033 0.000000
0.727021 0.000033 0.000000
0.727598 0.000033 0.000000
0.728175 0.000033 0.000000
0.728752 0.000033 0.000000
0.729329 0.000033 0.000000
0.729906 0.000033 0.000000
0.730483 0.000033 0.000000
0.731060 0.000033 0.000000
0.731637 0.000033 0.000000
0.732214 0.000033 0.000000
0.732791 0.000033 0.000000
0.733368 0.000033 0.000000
0.733945 0.000033 0.000000
0.734522 0.000033 0.000000
0.735099 0.000033 0.000000
0.735676 0.000033 0.000000
0.736253 0.000033 0.000000
0.736830 0.000033 0.000000
0.737407 0.000033 0.000000
0.737984 0.000033 0.000000
0.738561 0.000033 0.000000
0.739138 0.000033 0.000000
0.739715 0.000033 0.000000
0.740292 0.000033 0.000000
0.740869 0.000033 0.000000
0.741446 0.000033 0.000000
0.742023 0.000033 0.000000
0.742600 0.000033 0.000000
0.743177 0.000033 0.000000
0.743754 0.000033 0.000000
0.744331 0.000033 0.000000
0.744908 0.000033 0.000000
0.745485 0.000033 0.000000
0.746062 0.000033 0.000000
0.746639 0.000033 0.000000
0.747216 0.000033 0.000000
0.747793 0.000033 0.000000
0.748370 0.000033 0.000000
0.748947 0.000033 0.000000
0.749524 0.000033 0.000000
0.750101 0.000033 0.000000
0.750678 0.000033 0.000000
0.751255 0.000033 0.000000
0.751832 0.000033 0.000000
0.752409 0.000033 0.000000
0.752986 0.000033 0.000000
0.753563 0.000033 0.000000
0.754140 0.000033 0.000000
0.754717 0.000033 0.000000
0.755294 0.000033 0.000000
0.755871 0.000033 0.000000
0.756448 0.000033 0.000000
0.757025 0.000033 0.000000
0.757602 0.000033 0.000000
0.758179 0.000033 0.000000
0.758756 0.000033 0.000000
0.759333 0.000033 0.000000
0.759910 0.000033 0.000000
0.760487 0.000033 0.000000
0.761064 0.000033 0.000000
0.761641 0.000033 0.000000
0.762218 0.000033 0.000000
0.762795 0.000033 0.000000
0.763372 0.000033 0.000000
0.763949 0.000033 0.000000
0.764526 0.000033 0.000000
0.765103 0.000033 0.000000
0.765680 0.000033 0.000000
0.766257 0.000033 0.000000
0.766834 0.000033 0.000000
0.767411 0.000033 0.000000
0.767988 0.000033 0.000000
0.768565 0.000033 0.000000
0.769142 0.000033 0.000000
0.769719 0.000033 0.000000
0.770296 0.000033 0.000000
0.770873 0.000033 0.000000
0.771450 0.000033 0.000000
0.772027 0.000033 0.000000
0.772604 0.000033 0.000000
0.773181 0.000033 0.000000
0.773758 0.000033 0.000000
0.774335 0.000033 0.000000
0.774912 0.000033 0.000000
0.775489 0.000033 0.000000
0.776066 0.000033 0.000000
0.776643 0.000033 0.000000
0.777220 0.000033 0.000000
0.777797 0.000033 0.000000
0.778374 0.000033 0.000000
0.778951 0.000034 0.000000
0.779528 0.000034 0.000000
0.780105 0.000034 0.000000
0.780682 0.000034 0.000000
0.781259 0.000034 0.000000
0.781836 0.000034 0.000000
0.782413 0.000034 0.000000
0.782990 0.000034 0.000000
0.783567 0.000034 0.000000
0.784144 0.000034 0.000000
0.784721 0.000034 0.000000
0.785298 0.000034 0.000000
0.785875 0.000034 0.000000
0.786452 0.000034 0.000000
0.787029 0.000034 0.000000
0.787606 0.000033 0.000000
0.788183 0.000033 0.000000
0.788760 0.000033 0.000000
0.789337 0.000034 0.000000
0.789914 0.000034 0.000000
0.790491 0.000034 0.000000
0.791068 0.000034 0.000000
0.791645 0.000034 0.000000
0.792222 0.000034 0.000000
0.792799 0.000034 0.000000
0.793376 0.000034 0.000000
0.793953 0.000034 0.000000
